# DECODER-SET — opcode numbers mapped by crates/beamr/src/loader/decode/code.rs at beamr 43d87819ed37515695a697b7416d47c6740502e2
# command: grep -E '^\s+[0-9]{1,3} *(\|\|=>)' code.rs | grep -oE '^\s+[0-9]+' | sort -n -u
1
2
3
4
5
6
7
8
9
10
11
12
13
14
16
18
19
20
21
22
23
24
25
26
32
39
40
41
42
43
44
45
46
47
48
49
50
51
52
53
55
56
57
58
59
60
61
62
63
64
65
66
67
69
72
73
74
75
77
78
96
97
98
99
100
101
102
103
104
105
106
107
108
112
113
114
115
117
118
119
120
121
124
125
129
131
132
133
136
138
139
140
141
142
143
149
152
153
154
155
156
157
158
159
160
161
162
163
164
165
166
167
168
169
170
171
172
173
174
175
176
177
178
179
180
181
182
183
184
